#include "Kruskal.cpp"

int main()
{
	vector<vector<int>> graph = {{0,31,29,39,45,29,39,53,0,0,0,0,0,0,35,0},
            {31,0,36,42,48,0,42,56,0,0,0,0,0,0,41,0},
            {29, 36, 0, 30, 36,0,30,44,0,0,0,0,0,0,36,0},
            {39,42,30,0,48,0,22,36,0,0,0,0,0,0,41,0},
            {45, 48,36, 48, 0,0,21,30,0,0,0,0,0,0,37,0}, 
            {29, 0, 0, 0, 0, 0,19,0,0,0,0,0,0,0,0,0},
            {39,42,30,22,21,19,0,19,31,35,0,0,0,30,44,50},
            {53,56,44,36,30,0,19,0,34,40,27,26,50,0,24,0},
            {0,0,0,0,0,0,31,34,0,33,60,68,45,0,63,46},
            {0,0,0,0,0,0,35,40,33,0,49,56,29,34,52,34},
            {0,0,0,0,0,0,0,27,60,49,0,53,44,0,49,45},
            {0,0,0,0,0,0,0,26,68,56,53,0,52,0,40,39},
            {0,0,0,0,0,0,0,50,45,29,44,52,0,26,47,16},
            {0,0,0,0,0,0,30,0,0,34,0,0,26,0,0,0},
            {35,41,36,41,37,0,44,24,63,52,49,40,47,0,0,24},
            {0,0,0,0,0,0,50,0,46,34,45,39,16,0,24,0}};
	
	Kruskal kus;
	kus.setAdy(graph);
	kus.setCn(graph.size());
	vector<vector<int>> vec;
	vec = kus.kruskal();
	
	for(int i=0;i<vec.size();i++)
	{
		for(int j=0;j<vec.size();j++)
		{
			if((vec[i][j])!=0)
			cout<<"("<<i<<","<<j<<")"<<" peso->"<<vec[i][j]<<endl;	
		}
		cout<<endl;
	}
	
	return 0;
}
